150 6
Literature
Biotechnology
Chemistry
Elementary Mathematics
Additional Mathematics
Electronics

Wilmette Beange
36.73 72.77 3.68 89.91 88.98 7.07
See Penddreth
3.32 76.18 93.38 28.23 30.92 25.24
Skell Pavier
1.87 66.21 88.35 29.7 98.19 13.05
Joannes Amdohr
16.2 20.87 51.04 72.09 49.61 15.62Ethelind Bingham
60.65 56.31 26.89 59.94 12.12 87.58Edwina Seville
54.55 14.52 40.03 88.88 2.2 77.29Dallas Morehall
54.79 34.11 11.69 20.25 85.79 37.61Rab Pescud
64.9 75.83 41.75 42.57 24.42 77.34Ava Eddison
54.23 73.27 54.39 75.27 29.47 58.13Essa Francescoccio
28.87 13.15 89.62 40.41 66.24 98.92Adria Mein
21.39 96.65 41.45 6.07 43.27 81.75Saba MacColgan
90.04 60.59 35.84 91.2 24.9 30.33Loleta Lippini
30.93 97.67 54.49 98.07 11.7 30.71Gabriela Proughten
41.79 72.64 23.45 9.84 61.42 40.72Mina Fagge
84.41 29.66 59.82 32.71 48.23 83.81Reggi Einchcombe
38.6 62.03 37.82 58.12 12.96 87.41Tammi Clemence
89.5 59.06 80.49 30.35 12.99 44.95Jeannine Beney
40.18 0.1 17.32 7.36 34.01 62.27Grant Bresman
92.67 16.07 60.18 12.32 57.31 10.54Ange Stroton
91.69 56.77 17.54 64.09 80.69 8.17Carroll Christoffels
77.95 63.21 76.75 23.94 46.38 36.11Hillary Caveau
95.73 71.36 10.79 21.58 77.92 38.01Zeb Hodinton
48.37 71.84 16.76 17.99 69.06 63.1Lalo Bleyman
96.39 70.83 96.45 45.84 73.43 99.16Gaston Campion
26.2 15.04 95.21 99.77 77.05 81.04Shepherd Althorp
64.71 74.98 1.7 8.44 92.8 76.85Genevra Iggo
15.1 78.58 34.34 87.52 34.71 17.34Tye Whetnell
22.34 54.41 39.17 11.15 88.42 47.36Joletta Gorgen
73.7 71.44 95.83 82.07 51.75 17.39Torrence Fenners
54.67 5.47 74.92 25.02 88.88 51.45Zena Speck
34.32 1.8 57.78 79.25 39.36 55.32Tatiana Stearn
27.12 23.05 92.91 51.85 67.43 11.16Emory Voce
29.78 59.33 64.28 26.82 19.76 72.88Aila Connerry
72.46 4.87 19.44 17.33 76.59 37.94Vilhelmina Godfrey
87.13 57.52 37.82 36.06 7.54 57.74Marjie Sawdon
67.49 21.9 92.25 45.44 12.68 90.47Karine Carlo
92.76 66.86 91.95 63.28 42.12 16.29Silvain Warrington
70.18 50.39 39.52 6.83 93.81 59.16Phip Epine
2.63 6.25 41.62 55.34 31.74 70.85Skyler Cowlin
52.45 38.65 6.67 60.68 3.09 46.97Christoforo Eilles
58.36 70.03 53.99 6.25 79.2 3.94Geordie Dennidge
17.3 59.48 31.35 3.78 41.96 52.71Koressa Mighele
26.92 7.88 89.3 91.89 31.58 43.7Christopher Ryley
53.8 60.97 40.46 60.31 13.98 72.21Shirleen Serfati
81.69 12.22 49.05 96.45 24.99 6.22Twila Groger
84.69 81.49 2.46 66.13 55.09 39.07Janey Tompkin
27.59 30.11 25.31 63.25 16.49 12Hestia McNae
85.09 7.56 34.41 64.2 12.62 31.64Allyce Hurd
26.13 0.18 65.25 15.88 52.53 30.35Branden Tym
34.29 51.26 63.11 12.4 92.1 43.61Florina Mangham
1.91 72.76 25.53 81.42 78.91 45.61Findley Bradly
87.23 10.22 69.06 86.73 82.01 90.94Jere Clemett
35.13 19.46 49.9 26.61 48.29 4.98Bud Elcoux
37.42 26.37 54.02 34.33 92.65 49.35Pauline Arnaudi 
67.33 98.7 64.5 1.03 71.76 77.35Valery Cecchi
53.33 23.66 55.32 66.81 14.9 34.56Margit Chesterfield
37.83 91.58 75.41 14.84 6.62 10.94Fairleigh McEnery
27.02 82.33 16.8 62.57 70.46 9.06Tynan O'Driscole
66.13 21.21 85.38 24.14 99.24 32.6Patrice Cluet
64.73 62.24 54.45 86.7 55.34 15.8Rayna Hartopp
73.96 72.91 67.03 63.15 90.99 96.6Raquela Taks
65.43 66 97.27 2.59 18.54 23.44Kippar Lytlle
60.33 18.76 2.37 97.5 85.04 39.38Anthony Stobo
32.57 91.51 89.38 54.65 86.22 51.23Verna Kinnear
61.84 86.45 9.74 95.37 69.37 97.27Maureen Neachell
6.86 36.97 68.28 14.91 71.58 50.4Kleon Tresler
34.11 78.17 64.62 61.48 30.73 62.74Decca Tieraney
62.68 51.93 40.02 99.66 45.31 22.05Domenico Kynder
71.01 0.11 5.76 39.42 74.26 10.03Kandace Larway
39.76 61.46 9.18 86.49 39.74 30.12Renae Peddar
14.21 78 3.19 60.59 79.77 40.55Tony Gritten
80.33 58.12 42.78 99.97 43.3 48.84Theodore Oran
37.96 25.77 26.07 86.71 35.56 61.72Gabbie Borris
23.91 28.73 17.47 31.69 14.06 10.04Fraze Hickin
2.97 83.77 4.79 92.84 26.67 92.44Eduard Dumini
94.79 66.39 16.4 92.62 35.66 7.44Doyle Habbeshaw
43.36 35.39 61.59 31 87.49 78.93Frieda Marzello
91.41 72.69 93.63 59.52 33.36 30.41Floris Reynault
97.66 61.79 99.93 90.4 27.56 73.65Jeffie Thorns
75.1 42.88 3.19 81.95 83.23 3.33Jacqueline Gent
68.6 49.5 76.4 19.61 37.75 70.01Mareah Ciciura
16.63 43.85 8.41 85.63 67.63 27.82Gabriele Corradini
78.75 66.9 56.98 89.86 7.02 18.38Ethan Dodge
32.37 93.41 73.81 76.96 20.02 44.92Aloisia Chat
23.18 10.63 97.94 42.81 51.58 29.52Trudie Killerby
70.96 60.36 58.09 64.52 83.46 25.8Lynnell Illyes
51.77 24.28 17.83 17.22 69.18 59.29Siusan Tisor
29.9 82.42 14.7 43.34 90.04 83.7Murial Abbet
91.57 62.28 50.35 59.53 76.66 98.93Agnese Skehan
10.17 23.5 81.16 35.83 62.95 11.08Denny Scurrer
9.09 26.79 80.25 18.47 17.67 33.65Verney Knatt
37.51 48.05 13.86 97.94 83.35 43.13Ogdan Winspare
84.05 31.99 22.88 65.73 32.91 72.04Barnett Petruk
62.42 60.43 53.12 18.48 2.58 42.16Clarissa Roussel
70.95 49.7 78.41 76.66 12.46 83.74Ruby Broadbury
57.94 24.98 25.24 93.53 47.9 69.52Roda Pymer
81.53 15.65 84.42 46.2 60.06 43.79Inna Wride
45.21 41.72 9.36 43.24 20.72 37.02Liane Beetham
54.14 81.08 86.69 84.81 82.73 35.13Correy Neads
8.84 12.34 97.16 70.59 44.05 22.71Moreen Ziemens
34.33 27.39 83.07 64.94 18.06 33.3Kerianne Chaffe
58.36 37.91 54.71 3.89 44.35 25.36Dietrich Klamp
44.67 19.6 82.62 32.14 89.08 54.62Dennie Furmenger
53.56 36.81 64.31 31.94 6.75 14.86Levon Payler
86.93 44.67 84.34 62.46 29.87 10.13Benedetto Chettoe
87.84 23.59 38.45 36.35 77.53 76.8Pauly Wloch
43.2 77.18 3.76 88.75 73.53 25.75Tymothy Sherington
65.32 10.26 95.41 47.21 31.46 41.6Oby Sudy
3.18 77.69 75.8 82.26 59.28 28.64Carly Joire
92.25 13.23 62.41 32.36 14.89 86.56Petronella Bruntjen
42.43 98.6 75.27 34.01 34.5 40.26Benni Nash
23.72 27.56 42.41 62.84 61.05 2.02Lemmie Ellingworth
4.81 3.62 3.59 66.76 7.42 86.58Shel Cull
47.78 45.2 11.81 90.5 65.49 56.25Hart Brennans
49.58 11.6 47.85 61.04 32.68 48.35Erny Sansome
46.14 94.13 34.59 41.44 21.57 9.45Farrel Lording
60.42 29.64 55.45 80.87 81.37 57.27Rob Eloi
6.9 27.85 33.87 38.94 31.27 77.65Neille Youhill
99.81 81.91 34.9 13.31 52.11 30.68Mandie Schuck
98.54 25.02 7.27 60.91 31.14 46.93Buddy Mounce
62.86 5.47 92.89 71.13 44.36 73.93Orlan Divill
15.26 18.11 13.98 54.46 65.11 27.51Owen Millimoe
0.52 8.33 11.11 54.43 48.48 11.89Christal Barringer
21.21 55.34 21.05 57.32 37.56 60.62Greta Wilber
91.91 40.25 78.38 89.8 26.36 40.03Norry Biggs
81.97 80.19 89.74 55.42 97.06 23.54Damian Sneyd
77.99 34.55 0.59 52.31 55.61 86.79Ardene Insole
48.7 57.12 36.54 77.37 56.93 27.42Verene Saffer
89.69 88.24 49.19 94.41 72.91 70.29Gwenore Elgie
40.46 76.29 82.69 92.37 58.41 1.71Prudi Cousins
58.93 73.83 41.93 58.68 38.34 26.97Pete Tapping
72.33 57.95 30.78 3.62 37.54 38.76Jolene Coat
46.45 75.27 93.95 21.09 54.85 86.89Fritz Tate
55.38 52.21 74.36 81.47 53.32 97.34Fedora Stranahan
52.1 93.97 30.51 40.13 35.03 77.66Tallou Elsmore
41.11 66.37 82.38 10.67 9.78 64.59Cedric Patron
99.66 96.78 30.76 18.48 54.75 7.22Jorry Humber
52.87 85.19 62.6 73.3 55.38 89.16Lillis Huckle
6.95 84.09 41.06 83.94 1.42 24.32Tiphani Gogarty
30.58 88.07 62.55 61.26 20.37 59.23Antonius Stratley
89.5 78.77 36.23 32.85 48.39 87.37Bertrand Fernanando
85.07 34.23 84.67 4.28 92.33 8.05Avrit Tooker
50.96 87.66 91.6 80.96 39.33 68.29Esme Chamberlain
30.08 6.2 44.91 38.25 69.05 9.99Joyous Durtnel
54.49 22.8 19.44 50.9 74.99 60.13Georas Wyeth
19.63 11.84 70.5 99.18 20.13 32.53Alana Shatliff
9.2 76.67 97.38 8.05 78.6 89.36Shelba Chifney
2.5 18.45 51.13 96.59 16.92 71.12Elaine McDowell
53.6 17.75 19.42 55.85 89.45 27.28
